0
0
0
0
0
0
0
0
0
0
0
0
0
0
0
0
0
0
0
0
0
0
0
0
0
0
0
0
0
0
0
0
0
0
0
0
0
0
0
0
0
0
0
0
0
0
0
0
0
0
0
0
0
0
0
0
0
0
0
0
0
0
0
0
0
0
0
0
0
0
0
0
0
0
0
0
0
0
0
0
0
0
0
0
0
0
0
0
0
0
0
0
0
0
0
0
0
0
0
0
0
0
0
0
0
0
0
0
0
0
0
0
0
0
0
0
0
0
0
0
0
0
0
0
0
0
0
0
0
0
0
0
0
0
0
0
0
0
0
0
0
0
0
0
0
0
0
0
0
0
0
0
0
0
0
0
0
0
0
0
0
0
0
0
0
0
0
0
0
0
0
77896
76272
74899
73839
71519
70719
69842
69782
70733
72562
74511
77972
81905
87275
93455
100666
108367
118666
127590
136388
144137
150795
155263
156466
153240
145261
133961
119733
102207
83618
65962
50021
35792
24105
15996
9961
5877
3481
1977
1126
634
374
225
134
77
58
33
21
19
20
6
4
6
1
6
4
2
1
4
1
7
2
5
4
1
2
5
3
6
5
4
2
3
2
2
7
4
5
10
18
15
12
11
0
4694670
