0
0
0
0
1
6
14
43
202
692
2363
6404
14168
27512
44564
63366
81951
100376
121313
144600
163003
171384
169342
159774
143606
125700
109714
95737
85236
77372
71249
65588
61130
56814
53319
50262
46601
42955
39808
36655
33572
31021
28762
26878
24481
22864
21313
20008
18472
17314
16449
15618
14694
14024
13615
12860
12350
12053
11689
11415
11295
10855
10385
10109
9865
9832
9533
9410
9254
8956
8401
7959
7691
7124
6816
6331
5918
5754
5393
5147
4857
4707
4403
4264
4167
3929
3857
3908
3700
3667
3704
3492
3544
3392
3476
3322
3307
3267
3312
3241
3375
3182
3317
3152
3170
3156
3102
3177
3081
3152
3079
2998
3059
3067
3050
3131
3143
3224
3283
3231
3393
3493
3430
3461
3603
3678
3715
3856
4069
4013
4324
4468
4799
4992
5257
5501
6103
6567
6921
7357
8146
8728
9670
10294
11343
12751
14312
16141
18350
20832
23987
28178
32498
37611
42849
48449
55022
60435
66472
71028
75586
78116
80981
82637
82349
82358
82486
81649
81201
80673
0
0
0
0
0
0
0
0
0
0
0
0
0
0
0
0
0
0
0
0
0
0
0
0
0
0
0
0
0
0
0
0
0
0
0
0
0
0
0
0
0
0
0
0
0
0
0
0
0
0
0
0
0
0
0
0
0
0
0
0
0
0
0
0
0
0
0
0
0
0
0
0
0
0
0
0
0
0
0
0
0
0
0
0
0
3375191
