0
0
0
0
0
0
0
0
0
0
0
0
0
0
0
0
0
0
0
0
0
0
0
0
0
0
0
0
0
0
0
0
0
0
0
0
0
0
0
0
0
0
0
0
0
0
0
0
0
0
0
15618
14694
14024
13615
12860
12350
12053
11689
11415
11295
10855
10385
10109
9865
9832
9533
9410
9254
8956
8401
7959
7691
7124
6816
6331
5918
5754
5393
5147
4857
4707
4403
4264
4167
3929
3857
3908
3700
3667
3704
3492
3544
3392
3476
3322
3307
3267
3312
3241
3375
3182
3317
3152
3170
3156
3102
3177
3081
3152
3079
2998
3059
3067
3050
3131
3143
3224
3283
3231
3393
3493
3430
3461
3603
3678
3715
3856
4069
4013
4324
4468
4799
4992
5257
5501
6103
6567
6921
7357
8146
8728
9670
10294
11343
12751
14312
16141
18350
20832
0
0
0
0
0
0
0
0
0
0
0
0
0
0
0
0
0
0
0
0
0
0
0
0
0
0
0
0
0
0
0
0
0
0
0
0
0
0
0
0
0
0
0
0
0
0
0
0
0
0
0
0
0
0
0
0
0
0
0
0
0
0
0
0
0
0
0
0
0
0
0
0
0
0
0
0
0
0
0
0
0
0
0
0
0
0
0
0
0
0
0
0
0
0
0
0
0
0
0
0
0
0
0
0
0
7343714
